3 15
6 10 15 5 13 5 5 10 11 5 7 13 7 6 10
270 300 390
1.86 1.82 1.63
0 5 3 3 0 5 2 0 0 8 0 7 7 8 6 0 0 0
5 0 0 0 2 0 6 2 1 2 0 9 0 0 3 2 0 3
3 0 0 0 0 7 0 0 6 0 5 0 2 0 0 6 0 9
3 0 0 0 9 0 4 0 0 6 5 2 5 0 5 4 0 0
0 2 0 9 0 4 2 0 0 0 0 0 9 0 0 0 1 0
5 0 7 0 4 0 1 0 0 8 0 0 9 0 0 0 0 0
2 6 0 4 2 1 0 0 0 4 1 0 0 0 0 0 0 0
0 2 0 0 0 0 0 0 0 4 0 0 0 0 0 5 0 4
0 1 6 0 0 0 0 0 0 9 0 7 6 0 3 1 1 2
8 2 0 6 0 8 4 4 9 0 8 0 0 0 0 3 3 7
0 0 5 5 0 0 1 0 0 8 0 4 1 0 9 1 7 3
7 9 0 2 0 0 0 0 7 0 4 0 0 10 0 5 10 0
7 0 2 5 9 9 0 0 6 0 1 0 0 4 0 0 3 0
8 0 0 0 0 0 0 0 0 0 0 10 4 0 10 0 5 8
6 3 0 5 0 0 0 0 3 0 9 0 0 10 0 0 0 8
0 2 6 4 0 0 0 5 1 3 1 5 0 0 0 0 9 4
0 0 0 0 1 0 0 0 1 3 7 10 3 5 0 9 0 0
0 3 9 0 0 0 0 4 2 7 3 0 0 8 8 4 0 0
