5 14
11 11 12 5 11 14 7 8 15 8 14 6 7 14
230 210 203 250 380
1.28 1.95 1.5 1.47 1.93
0 0 9 0 0 7 0 0 8 3 0 3 5 4 2 3 3 4 5
0 0 1 0 10 0 7 0 9 0 4 0 6 0 0 2 2 5 0
9 1 0 7 5 0 0 0 0 0 8 5 3 0 6 5 0 0 0
0 0 7 0 3 0 2 3 0 0 0 10 0 0 0 0 0 5 0
0 10 5 3 0 0 9 2 0 5 6 4 8 8 9 4 0 9 9
7 0 0 0 0 0 2 0 0 7 0 0 0 0 0 10 0 3 0
0 7 0 2 9 2 0 6 0 0 0 0 4 0 0 4 7 0 0
0 0 0 3 2 0 6 0 0 10 2 0 5 8 0 0 0 5 0
8 9 0 0 0 0 0 0 0 0 4 2 0 5 3 10 0 0 7
3 0 0 0 5 7 0 10 0 0 0 3 4 7 4 5 2 0 8
0 4 8 0 6 0 0 2 4 0 0 3 2 0 0 10 0 3 3
3 0 5 10 4 0 0 0 2 3 3 0 9 0 0 7 4 2 0
5 6 3 0 8 0 4 5 0 4 2 9 0 0 5 1 1 0 0
4 0 0 0 8 0 0 8 5 7 0 0 0 0 0 0 3 10 3
2 0 6 0 9 0 0 0 3 4 0 0 5 0 0 0 9 1 7
3 2 5 0 4 10 4 0 10 5 10 7 1 0 0 0 3 8 3
3 2 0 0 0 0 7 0 0 2 0 4 1 3 9 3 0 0 10
4 5 0 5 9 3 0 5 0 0 3 2 0 10 1 8 0 0 6
5 0 0 0 9 0 0 0 7 8 3 0 0 3 7 3 10 6 0
