8 10
5 11 7 15 11 9 12 13 12 13
120 100 180 160 240 200 140 50
1.06 1.23 1.36 1.85 1.74 1.93 1.46 1.61
0 0 0 0 3 4 0 3 10 10 0 5 0 7 8 0 0 1
0 0 8 0 0 5 0 0 5 9 9 0 9 0 8 7 0 9
0 8 0 0 0 9 0 0 6 10 0 9 0 6 0 0 4 0
0 0 0 0 6 0 0 4 0 0 5 0 1 0 0 0 3 1
3 0 0 6 0 9 3 8 0 5 2 8 8 9 1 6 0 0
4 5 9 0 9 0 0 7 0 8 0 0 4 0 6 0 0 5
0 0 0 0 3 0 0 0 0 0 0 2 5 0 0 0 3 10
3 0 0 4 8 7 0 0 0 0 0 10 0 0 9 7 6 0
10 5 6 0 0 0 0 0 0 0 0 6 0 0 0 0 0 0
10 9 10 0 5 8 0 0 0 0 0 0 0 0 2 7 0 0
0 9 0 5 2 0 0 0 0 0 0 0 6 0 6 2 0 8
5 0 9 0 8 0 2 10 6 0 0 0 0 0 0 0 0 3
0 9 0 1 8 4 5 0 0 0 6 0 0 0 0 0 2 3
7 0 6 0 9 0 0 0 0 0 0 0 0 0 0 7 3 0
8 8 0 0 1 6 0 9 0 2 6 0 0 0 0 0 0 7
0 7 0 0 6 0 0 7 0 7 2 0 0 7 0 0 0 1
0 0 4 3 0 0 3 6 0 0 0 0 2 3 0 0 0 0
1 9 0 1 0 5 10 0 0 0 8 3 3 0 7 1 0 0
